>>> POTENTIAL BondNC
{'Dist0' : 1.4700e+00 ,
 'FConst' : 3.3979e+02 }
>>> POTENTIAL BondCO
{'Dist0' : 1.9248e+00 ,
 'FConst' : 2.1841e+02 }
>>> POTENTIAL BondON
{'Dist0' : 1.7460e+00 ,
 'FConst' : 3.1195e+02 }
>>> POTENTIAL AngleNCO
{'Knots' : [6.5260e+01 , 6.2047e+01 , 5.8834e+01 , 5.5621e+01 , 5.2409e+01 , 4.9196e+01 , 4.5983e+01 , 4.2770e+01 , 3.9557e+01 , 3.6344e+01 , 3.3131e+01 , 2.9918e+01 , 2.6705e+01 , 2.3492e+01 , 2.0279e+01 , 1.7066e+01 , 1.3854e+01 , 1.0641e+01 , 7.4277e+00 , 4.2148e+00 , 1.0019e+00 , 4.9254e-01 , 1.6686e-01 , 5.4470e-01 , 1.1195e+00 , 4.7238e-01 , 0.0000e+00 , -2.8074e-02, 5.4829e-01 , 1.0777e+00 , 4.2906e+00 , 7.5035e+00 , 1.0716e+01 , 1.3929e+01 , 1.7142e+01 , 2.0355e+01 , 2.3568e+01 , 2.6781e+01 , 2.9994e+01 , 3.3207e+01 ]}
>>> POTENTIAL AngleCON
{'Knots' : [5.6341e+01 , 5.3128e+01 , 4.9915e+01 , 4.6702e+01 , 4.3489e+01 , 4.0276e+01 , 3.7063e+01 , 3.3850e+01 , 3.0637e+01 , 2.7424e+01 , 2.4211e+01 , 2.0998e+01 , 1.7786e+01 , 1.4573e+01 , 1.1360e+01 , 8.1468e+00 , 4.9338e+00 , 1.7209e+00 , 0.0000e+00 , 1.0636e+00 , 4.8857e+00 , 8.0986e+00 , 1.1312e+01 , 1.4524e+01 , 1.7737e+01 , 2.0950e+01 , 2.4163e+01 , 2.7376e+01 , 3.0589e+01 , 3.3802e+01 , 3.7015e+01 , 4.0228e+01 , 4.3441e+01 , 4.6654e+01 , 4.9867e+01 , 5.3079e+01 , 5.6292e+01 , 5.9505e+01 , 6.2718e+01 , 6.5931e+01 ]}
>>> POTENTIAL AngleONC
{'Knots' : [7.2076e+01 , 6.8863e+01 , 6.5650e+01 , 6.2437e+01 , 5.9224e+01 , 5.6011e+01 , 5.2798e+01 , 4.9585e+01 , 4.6372e+01 , 4.3160e+01 , 3.9947e+01 , 3.6734e+01 , 3.3521e+01 , 3.0308e+01 , 2.7095e+01 , 2.3882e+01 , 2.0669e+01 , 1.7456e+01 , 1.4243e+01 , 1.1030e+01 , 7.8175e+00 , 4.6045e+00 , 1.3916e+00 , 0.0000e+00 , 7.5899e-02 , 5.7553e-01 , 3.7884e+00 , 7.0014e+00 , 1.0214e+01 , 1.3427e+01 , 1.6640e+01 , 1.9853e+01 , 2.3066e+01 , 2.6279e+01 , 2.9492e+01 , 3.2705e+01 , 3.5918e+01 , 3.9131e+01 , 4.2343e+01 , 4.5556e+01 ]}
>>> POTENTIAL TorsionNCON
{'Knots' : [1.0794e+00 , 1.2473e+00 , 1.4152e+00 , 1.5831e+00 , 1.7510e+00 , 1.9189e+00 , 2.0868e+00 , 2.2547e+00 , 2.4226e+00 , 2.5905e+00 , 2.7583e+00 , 5.6680e-01 , 5.2235e-01 , 5.0322e-02 , 0.0000e+00 , -1.7299e-01, -3.1242e-01, -4.5689e-01, -1.6155e-01, 1.3380e-01 , 4.2915e-01 , 7.2449e-01 , 1.0198e+00 , 1.3152e+00 , 1.6105e+00 , 1.9059e+00 , 2.2012e+00 , 2.4966e+00 , 2.7919e+00 , 3.0873e+00 , 3.3826e+00 , 3.6780e+00 , 2.1570e+00 , 2.2730e+00 , 1.4407e+00 , 1.1746e+00 , 7.1023e-01 , 6.8617e-01 , 2.3108e-01 , 9.1154e-01 ]}
>>> POTENTIAL TorsionCONC
{'Knots' : [2.6809e-01 , 7.7417e-01 , 1.4668e+00 , 4.4354e+00 , 4.3625e+00 , 4.2896e+00 , 4.2168e+00 , 4.1439e+00 , 4.0711e+00 , 3.9982e+00 , 3.9254e+00 , 3.8525e+00 , 3.7796e+00 , 3.7068e+00 , 3.6339e+00 , 3.5611e+00 , 3.4882e+00 , 3.4154e+00 , 3.3425e+00 , 3.2696e+00 , 3.1968e+00 , 3.1239e+00 , 3.0511e+00 , 2.9782e+00 , 2.9053e+00 , 2.8325e+00 , 2.7596e+00 , 2.6868e+00 , 2.6139e+00 , 2.5411e+00 , 2.4682e+00 , 2.3953e+00 , 2.3225e+00 , 2.2496e+00 , 2.1768e+00 , 2.1039e+00 , 2.0311e+00 , 1.9582e+00 , 1.8853e+00 , 0.0000e+00 ]}
>>> POTENTIAL TorsionONCO
{'Knots' : [-2.1066e+00, -2.3553e+00, -4.7111e+00, -3.5741e+00, -3.8486e+00, -3.1365e+00, -2.8180e+00, -2.2978e+00, -1.9047e+00, -1.6743e+00, -1.4369e+00, -1.2639e+00, -7.2801e-01, -4.4750e-01, -1.4038e-01, 0.0000e+00 , 7.8472e-01 , 9.4869e-01 , 3.3633e+00 , 3.1147e+00 , 2.8661e+00 , 2.6174e+00 , 2.3688e+00 , 2.1202e+00 , 1.8715e+00 , 1.6229e+00 , 1.3743e+00 , 1.1256e+00 , 8.7700e-01 , 6.2837e-01 , 3.7973e-01 , 1.3110e-01 , -1.1754e-01, -3.6617e-01, -6.1481e-01, -8.6344e-01, -1.1121e+00, -1.3607e+00, -1.6093e+00, -1.8580e+00]}
>>> POTENTIAL NonBondNN
{'Knots' : [1.5954e+01 , 1.4933e+01 , 1.3913e+01 , 1.2892e+01 , 1.1871e+01 , 1.0851e+01 , 9.8300e+00 , 8.8093e+00 , 7.7886e+00 , 6.7679e+00 , 5.7472e+00 , 4.7265e+00 , 3.7058e+00 , 2.6852e+00 , 1.6645e+00 , 6.4376e-01 , -3.7693e-01, -2.2977e-01, -9.7212e-01, -1.2883e+00, -1.2810e+00, -1.1712e+00, -1.0817e+00, -1.0429e+00, -1.1112e+00, -9.7418e-01, -9.3374e-01, -8.1007e-01, -6.5388e-01, -4.8279e-01, -1.7545e-01, -8.1684e-02, -1.5703e-01, -1.3392e-01, -7.2898e-02, -6.4039e-02, 4.9462e-02 , 6.1636e-02 , 1.8620e-02 , 1.0080e-02 ]}
>>> POTENTIAL NonBondCC
{'Knots' : [1.5954e+01 , 1.5140e+01 , 1.4325e+01 , 1.3510e+01 , 1.2696e+01 , 1.1881e+01 , 1.1067e+01 , 1.0252e+01 , 9.4376e+00 , 8.6230e+00 , 7.8084e+00 , 6.9938e+00 , 6.1793e+00 , 5.3647e+00 , 4.5501e+00 , 3.7355e+00 , 2.9210e+00 , 2.1064e+00 , 1.2918e+00 , 4.7723e-01 , 7.7152e-01 , 7.0806e-01 , 6.6507e-01 , 6.7777e-01 , 5.7753e-01 , 3.3863e-01 , 2.8434e-01 , 1.5022e-01 , 3.1038e-02 , -3.2038e-02, 1.8229e-01 , 5.4569e-02 , 1.3635e-01 , 2.2216e-01 , 9.6926e-02 , 9.9431e-03 , 4.2615e-02 , 9.2943e-02 , 1.2526e-01 , 1.1267e-01 ]}
>>> POTENTIAL NonBondOO
{'Knots' : [1.5954e+01 , 1.5105e+01 , 1.4256e+01 , 1.3407e+01 , 1.2559e+01 , 1.1710e+01 , 1.0861e+01 , 1.0012e+01 , 9.1629e+00 , 8.3139e+00 , 7.4650e+00 , 6.6161e+00 , 5.7672e+00 , 4.9183e+00 , 4.0694e+00 , 3.2204e+00 , 2.3715e+00 , 1.5226e+00 , 1.6341e+00 , 1.2405e+00 , 1.1435e+00 , 1.1945e+00 , 1.0858e+00 , 1.1125e+00 , 7.8710e-01 , 6.9480e-01 , 7.9625e-01 , 6.3231e-01 , 4.6401e-01 , 4.3759e-01 , 4.8400e-01 , 5.5355e-01 , 4.7453e-01 , 3.5483e-01 , 4.3499e-01 , 3.7709e-01 , 2.8862e-01 , 3.3193e-01 , 7.5875e-02 , 1.5740e-01 ]}
>>> POTENTIAL NonBondNC
{'Knots' : [1.5954e+01 , 1.5172e+01 , 1.4390e+01 , 1.3607e+01 , 1.2825e+01 , 1.2043e+01 , 1.1260e+01 , 1.0478e+01 , 9.6957e+00 , 8.9134e+00 , 8.1310e+00 , 7.3487e+00 , 6.5664e+00 , 5.7841e+00 , 5.0018e+00 , 4.2195e+00 , 3.4372e+00 , 5.4265e-01 , 4.3044e-01 , 3.2296e-01 , 4.0331e-01 , 4.5278e-01 , 5.0717e-01 , 5.2004e-01 , 5.1334e-01 , 5.5964e-01 , 6.1771e-01 , 7.5645e-01 , 6.5031e-01 , 4.7953e-01 , 5.7876e-01 , 5.4616e-01 , 4.3021e-01 , 2.9773e-01 , 2.8273e-01 , 2.1795e-01 , 1.1900e-01 , 3.5937e-02 , 2.2662e-02 , -2.5161e-02]}
>>> POTENTIAL NonBondNO
{'Knots' : [1.5954e+01 , 1.4576e+01 , 1.3199e+01 , 1.1821e+01 , 1.0443e+01 , 9.0651e+00 , 7.6873e+00 , 6.3095e+00 , 4.9316e+00 , 3.5538e+00 , 2.1760e+00 , 7.9819e-01 , -5.7962e-01, -4.8374e-01, -3.5340e-01, 3.8091e-01 , 6.4414e-01 , 8.4205e-01 , 8.4268e-01 , 7.5633e-01 , 6.3315e-01 , 6.6596e-01 , 5.3167e-01 , 3.2556e-01 , 4.6366e-01 , 4.5636e-01 , 4.6807e-01 , 3.1190e-01 , 1.7106e-01 , 1.4573e-01 , 5.1107e-02 , 3.2373e-02 , 5.8006e-03 , -7.7952e-02, -3.6177e-02, -9.6141e-02, -1.5427e-01, -1.2938e-01, -1.2429e-01, -1.1156e-01]}
>>> POTENTIAL NonBondCO
{'Knots' : [1.5954e+01 , 1.4833e+01 , 1.3713e+01 , 1.2592e+01 , 1.1471e+01 , 1.0350e+01 , 9.2296e+00 , 8.1088e+00 , 6.9880e+00 , 5.8673e+00 , 4.7465e+00 , 3.6257e+00 , 2.5049e+00 , 1.3842e+00 , 2.6340e-01 , -8.5737e-01, -2.2028e+00, -2.6669e+00, -2.4002e+00, -2.4521e+00, -2.3879e+00, -1.7449e+00, -1.5579e+00, -1.4988e+00, -1.2872e+00, -1.1900e+00, -1.1158e+00, -9.9276e-01, -8.2078e-01, -6.3391e-01, -5.5857e-01, -5.6815e-01, -4.8050e-01, -3.8981e-01, -2.6987e-01, -1.6136e-01, -2.0853e-01, -1.7542e-01, -9.7476e-02, 2.0994e-02 ]}
>>> POTENTIAL BondCS
{'Dist0' : 2.6479e+00 ,
 'FConst' : 5.7145e+01 }
>>> POTENTIAL AngleNCS
{'Knots' : [6.7066e+01 , 6.3853e+01 , 6.0640e+01 , 5.7427e+01 , 5.4214e+01 , 5.1001e+01 , 4.7788e+01 , 4.4575e+01 , 4.1362e+01 , 3.8149e+01 , 3.4936e+01 , 3.1723e+01 , 2.8510e+01 , 2.5298e+01 , 2.2085e+01 , 1.8872e+01 , 1.5659e+01 , 1.2446e+01 , 9.2330e+00 , 6.0201e+00 , 2.8071e+00 , 2.8100e+00 , 1.9774e+00 , 2.3652e+00 , 2.6056e+00 , 3.3997e+00 , 3.5643e+00 , 2.3406e+00 , 7.3936e-01 , 0.0000e+00 , -7.4666e-03, 1.0205e+00 , 1.0133e+00 , 4.2262e+00 , 7.4391e+00 , 1.0652e+01 , 1.3865e+01 , 1.7078e+01 , 2.0291e+01 , 2.3504e+01 ]}
>>> POTENTIAL AngleSCO
{'Knots' : [6.2334e+01 , 5.9121e+01 , 5.5908e+01 , 5.2695e+01 , 4.9482e+01 , 4.6269e+01 , 4.3056e+01 , 3.9843e+01 , 3.6630e+01 , 3.3417e+01 , 3.0204e+01 , 2.6992e+01 , 2.3779e+01 , 2.0566e+01 , 1.7353e+01 , 1.4140e+01 , 1.0927e+01 , 7.7140e+00 , 4.5011e+00 , 1.2882e+00 , 8.4661e-01 , 0.0000e+00 , 1.0710e-01 , 1.8700e-01 , 5.8212e-01 , 6.4202e-01 , 6.0303e-01 , -4.6992e-01, -6.5894e-01, -1.6043e+00, -6.2384e-01, -2.6490e+00, 5.6395e-01 , 3.7769e+00 , 6.9898e+00 , 1.0203e+01 , 1.3416e+01 , 1.6629e+01 , 1.9841e+01 , 2.3054e+01 ]}
>>> POTENTIAL TorsionONCS
{'Knots' : [1.3456e-01 , -1.7334e-01, 1.4797e+00 , 1.6166e+00 , 1.7535e+00 , 1.8904e+00 , 2.0273e+00 , 2.1642e+00 , 2.3011e+00 , 2.4381e+00 , 2.5750e+00 , 2.7119e+00 , 2.8488e+00 , 2.9857e+00 , 3.1226e+00 , 3.2595e+00 , 3.3964e+00 , 3.5333e+00 , 3.6702e+00 , 3.8071e+00 , 3.9441e+00 , 4.0810e+00 , 4.2179e+00 , 4.3548e+00 , 4.4917e+00 , 4.6286e+00 , 4.7655e+00 , 4.9024e+00 , 1.1514e+00 , 2.4388e+00 , 1.4559e+00 , 1.8270e+00 , 1.3813e+00 , 1.3691e+00 , 9.1933e-01 , 5.7931e-01 , 2.3721e-01 , 4.5120e-02 , 0.0000e+00 , -2.0854e-01]}
>>> POTENTIAL TorsionSCON
{'Knots' : [1.2851e+00 , 1.0835e+00 , 8.8183e-01 , 6.8018e-01 , 4.7853e-01 , 2.7689e-01 , 7.5240e-02 , -8.7142e-02, -4.7431e-02, 4.8402e-02 , 5.1296e-02 , 6.4177e-01 , 2.2319e-01 , 2.1978e+00 , 2.1696e+00 , 2.1415e+00 , 2.1134e+00 , 2.0852e+00 , 2.0571e+00 , 2.0290e+00 , 2.0008e+00 , 1.9727e+00 , 1.9446e+00 , 1.9164e+00 , 1.8883e+00 , 1.8602e+00 , 1.8321e+00 , 1.8039e+00 , 1.7758e+00 , 1.8325e-01 , 2.1662e-01 , 0.0000e+00 , 7.9235e-02 , 5.1946e-01 , 7.4668e-01 , 2.2934e+00 , 2.0917e+00 , 1.8901e+00 , 1.6884e+00 , 1.4868e+00 ]}
>>> POTENTIAL NonBondBBS
{'Knots' : [1.5954e+01 , 1.5064e+01 , 1.4174e+01 , 1.3284e+01 , 1.2394e+01 , 1.1504e+01 , 1.0613e+01 , 9.7233e+00 , 8.8332e+00 , 7.9431e+00 , 7.0530e+00 , 6.1629e+00 , 5.2728e+00 , 4.3826e+00 , 3.4925e+00 , 2.6024e+00 , 1.7123e+00 , 8.2216e-01 , -6.7959e-02, 4.9519e-02 , -4.3087e-01, -2.3581e-01, -1.0805e-01, -9.9309e-02, -5.1053e-02, -1.0426e-01, -6.6684e-02, -2.8371e-02, -2.4510e-03, -9.4478e-02, -3.4768e-02, 1.0973e-02 , 2.5657e-02 , 2.2928e-02 , -3.8968e-03, -7.1241e-03, -1.2989e-02, -1.1107e-02, 9.5835e-03 , -1.2604e-02]}
>>> POTENTIAL NonBondSS
{'Knots' : [1.5954e+01 , 1.5129e+01 , 1.4304e+01 , 1.3479e+01 , 1.2655e+01 , 1.1830e+01 , 1.1005e+01 , 1.0180e+01 , 9.3549e+00 , 8.5300e+00 , 7.7051e+00 , 6.8802e+00 , 6.0552e+00 , 5.2303e+00 , 4.4054e+00 , 3.5805e+00 , 2.7556e+00 , 1.9307e+00 , 1.1058e+00 , 2.8087e-01 , -4.3574e-01, -6.1402e-01, -7.1126e-01, -6.6163e-01, -6.3139e-01, -5.1372e-01, -3.9768e-01, -2.9309e-01, -2.3718e-01, -2.0420e-01, -1.6655e-01, -1.0051e-01, -9.5229e-02, -8.8417e-02, 3.1532e-02 , 1.2605e-01 , 1.4765e-01 , 2.6093e-02 , -8.7664e-03, -1.5766e-01]}
