>>> POTENTIAL BondNC
{'Dist0' : 1.4700e+00 , 'FConst' : 3.3979e+02 }
>>> POTENTIAL BondCO
{'Dist0' : 1.9248e+00 , 'FConst' : 2.1841e+02 }
>>> POTENTIAL BondON
{'Dist0' : 1.7460e+00 , 'FConst' : 3.1195e+02 }
>>> POTENTIAL AngleNCO
{'Knots' : [6.5291e+01 , 6.2078e+01 , 5.8865e+01 , 5.5652e+01 , 5.2439e+01 , 4.9226e+01 , 4.6013e+01 , 4.2800e+01 , 3.9587e+01 , 3.6374e+01 , 3.3161e+01 , 2.9948e+01 , 2.6736e+01 , 2.3523e+01 , 2.0310e+01 , 1.7097e+01 , 1.3884e+01 , 1.0671e+01 , 7.4580e+00 , 4.2451e+00 , 1.0322e+00 , 5.3636e-01 , 1.4981e-01 , 5.5366e-01 , 1.1130e+00 , 4.6827e-01 , 0.0000e+00 , -2.8817e-03, 6.1697e-01 , 1.0857e+00 , 4.2987e+00 , 7.5116e+00 , 1.0724e+01 , 1.3937e+01 , 1.7150e+01 , 2.0363e+01 , 2.3576e+01 , 2.6789e+01 , 3.0002e+01 , 3.3215e+01 ]}
>>> POTENTIAL AngleCON
{'Knots' : [5.6430e+01 , 5.3217e+01 , 5.0004e+01 , 4.6791e+01 , 4.3579e+01 , 4.0366e+01 , 3.7153e+01 , 3.3940e+01 , 3.0727e+01 , 2.7514e+01 , 2.4301e+01 , 2.1088e+01 , 1.7875e+01 , 1.4662e+01 , 1.1449e+01 , 8.2364e+00 , 5.0235e+00 , 1.8106e+00 , 0.0000e+00 , 1.1310e+00 , 4.7330e+00 , 7.9459e+00 , 1.1159e+01 , 1.4372e+01 , 1.7585e+01 , 2.0798e+01 , 2.4011e+01 , 2.7223e+01 , 3.0436e+01 , 3.3649e+01 , 3.6862e+01 , 4.0075e+01 , 4.3288e+01 , 4.6501e+01 , 4.9714e+01 , 5.2927e+01 , 5.6140e+01 , 5.9353e+01 , 6.2566e+01 , 6.5778e+01 ]}
>>> POTENTIAL AngleONC
{'Knots' : [7.2030e+01 , 6.8817e+01 , 6.5604e+01 , 6.2391e+01 , 5.9179e+01 , 5.5966e+01 , 5.2753e+01 , 4.9540e+01 , 4.6327e+01 , 4.3114e+01 , 3.9901e+01 , 3.6688e+01 , 3.3475e+01 , 3.0262e+01 , 2.7049e+01 , 2.3836e+01 , 2.0624e+01 , 1.7411e+01 , 1.4198e+01 , 1.0985e+01 , 7.7718e+00 , 4.5589e+00 , 1.3460e+00 , 0.0000e+00 , 6.8601e-02 , 6.0932e-01 , 3.8222e+00 , 7.0352e+00 , 1.0248e+01 , 1.3461e+01 , 1.6674e+01 , 1.9887e+01 , 2.3100e+01 , 2.6313e+01 , 2.9526e+01 , 3.2739e+01 , 3.5951e+01 , 3.9164e+01 , 4.2377e+01 , 4.5590e+01 ]}
>>> POTENTIAL TorsionNCON
{'Knots' : [6.0917e-01 , 8.2142e-01 , 1.0337e+00 , 1.2459e+00 , 1.4582e+00 , 1.6704e+00 , 1.8827e+00 , 2.0949e+00 , 2.3072e+00 , 2.5194e+00 , 2.7317e+00 , 5.4840e-01 , 5.7281e-01 , 7.7167e-02 , 0.0000e+00 , -2.2825e-01, -3.3151e-01, -5.5578e-01, -2.6034e-01, 3.5108e-02 , 3.3055e-01 , 6.2600e-01 , 9.2144e-01 , 1.2169e+00 , 1.5123e+00 , 1.8078e+00 , 2.1032e+00 , 2.3987e+00 , 2.6941e+00 , 2.9895e+00 , 3.2850e+00 , 3.5804e+00 , 1.9371e+00 , 2.0407e+00 , 1.1973e+00 , 8.6346e-01 , 3.3812e-01 , 2.8282e-01 , -2.3984e-01, 3.9692e-01 ]}
>>> POTENTIAL TorsionCONC
{'Knots' : [2.0841e-01 , 7.4436e-01 , 1.3097e+00 , 4.3362e+00 , 4.2661e+00 , 4.1960e+00 , 4.1259e+00 , 4.0559e+00 , 3.9858e+00 , 3.9157e+00 , 3.8456e+00 , 3.7755e+00 , 3.7054e+00 , 3.6354e+00 , 3.5653e+00 , 3.4952e+00 , 3.4251e+00 , 3.3550e+00 , 3.2850e+00 , 3.2149e+00 , 3.1448e+00 , 3.0747e+00 , 3.0046e+00 , 2.9345e+00 , 2.8645e+00 , 2.7944e+00 , 2.7243e+00 , 2.6542e+00 , 2.5841e+00 , 2.5141e+00 , 2.4440e+00 , 2.3739e+00 , 2.3038e+00 , 2.2337e+00 , 2.1637e+00 , 2.0936e+00 , 2.0235e+00 , 1.9534e+00 , 1.8833e+00 , 0.0000e+00 ]}
>>> POTENTIAL TorsionONCO
{'Knots' : [-1.8098e+00, -2.0365e+00, -4.1816e+00, -3.3840e+00, -3.3265e+00, -2.7638e+00, -2.4338e+00, -1.9475e+00, -1.5549e+00, -1.4090e+00, -1.2177e+00, -9.7476e-01, -6.0688e-01, -3.3681e-01, -1.0705e-01, 0.0000e+00 , 7.6717e-01 , 8.8626e-01 , 3.1763e+00 , 2.9496e+00 , 2.7230e+00 , 2.4963e+00 , 2.2697e+00 , 2.0431e+00 , 1.8164e+00 , 1.5898e+00 , 1.3631e+00 , 1.1365e+00 , 9.0986e-01 , 6.8322e-01 , 4.5658e-01 , 2.2994e-01 , 3.3025e-03 , -2.2334e-01, -4.4998e-01, -6.7662e-01, -9.0326e-01, -1.1299e+00, -1.3565e+00, -1.5832e+00]}
>>> POTENTIAL NonBondNN
{'Knots' : [1.5954e+01 , 1.5000e+01 , 1.4046e+01 , 1.3092e+01 , 1.2137e+01 , 1.1183e+01 , 1.0229e+01 , 9.2747e+00 , 8.3205e+00 , 7.3663e+00 , 6.4121e+00 , 5.4579e+00 , 4.5037e+00 , 3.5494e+00 , 2.5952e+00 , 1.6410e+00 , 6.8682e-01 , 8.3468e-01 , -1.1340e-02, -5.2659e-01, -6.7737e-01, -7.6186e-01, -7.8251e-01, -7.6510e-01, -9.1029e-01, -7.6768e-01, -6.4763e-01, -5.9458e-01, -4.2784e-01, -2.5271e-01, -8.8605e-02, 5.7447e-02 , -8.3015e-02, -6.9208e-02, -6.9473e-02, -4.4845e-02, 2.0925e-02 , 4.4945e-02 , 1.4382e-02 , 7.7550e-02 ]}
>>> POTENTIAL NonBondCC
{'Knots' : [1.5954e+01 , 1.5232e+01 , 1.4509e+01 , 1.3786e+01 , 1.3064e+01 , 1.2341e+01 , 1.1618e+01 , 1.0896e+01 , 1.0173e+01 , 9.4506e+00 , 8.7280e+00 , 8.0053e+00 , 7.2827e+00 , 6.5601e+00 , 5.8375e+00 , 5.1149e+00 , 4.3922e+00 , 3.6696e+00 , 2.9470e+00 , 2.2244e+00 , 2.2903e+00 , 2.1574e+00 , 1.9127e+00 , 1.7717e+00 , 1.4802e+00 , 1.1094e+00 , 9.6374e-01 , 6.2449e-01 , 4.2154e-01 , 2.7207e-01 , 3.4917e-01 , 2.6744e-01 , 3.1029e-01 , 3.7894e-01 , 1.6673e-01 , 5.4531e-02 , 1.1704e-01 , 1.0988e-01 , 1.6615e-01 , 1.3553e-01 ]}
>>> POTENTIAL NonBondOO
{'Knots' : [1.5954e+01 , 1.5078e+01 , 1.4203e+01 , 1.3327e+01 , 1.2451e+01 , 1.1575e+01 , 1.0699e+01 , 9.8234e+00 , 8.9476e+00 , 8.0717e+00 , 7.1959e+00 , 6.3201e+00 , 5.4442e+00 , 4.5684e+00 , 3.6926e+00 , 2.8168e+00 , 1.9409e+00 , 1.0651e+00 , 1.4411e+00 , 1.0816e+00 , 1.0802e+00 , 1.2319e+00 , 1.1684e+00 , 1.2518e+00 , 8.5426e-01 , 8.5859e-01 , 8.9498e-01 , 7.4321e-01 , 4.6579e-01 , 5.3217e-01 , 4.4555e-01 , 5.7697e-01 , 4.8810e-01 , 3.5685e-01 , 4.1930e-01 , 3.4776e-01 , 3.0763e-01 , 2.7117e-01 , 8.6050e-02 , 8.0879e-02 ]}
>>> POTENTIAL NonBondNC
{'Knots' : [1.5954e+01 , 1.5077e+01 , 1.4200e+01 , 1.3323e+01 , 1.2446e+01 , 1.1569e+01 , 1.0692e+01 , 9.8151e+00 , 8.9381e+00 , 8.0611e+00 , 7.1841e+00 , 6.3071e+00 , 5.4301e+00 , 4.5531e+00 , 3.6760e+00 , 2.7990e+00 , 1.9220e+00 , -8.8176e-01, -8.4174e-01, -7.9669e-01, -5.3053e-01, -3.6570e-01, -1.4884e-01, 2.3473e-03 , 1.1892e-01 , 2.6448e-01 , 4.2253e-01 , 5.4609e-01 , 5.1183e-01 , 3.5448e-01 , 4.5357e-01 , 3.8447e-01 , 3.3005e-01 , 1.7869e-01 , 1.7384e-01 , 1.5172e-01 , 5.7040e-02 , 2.7218e-02 , 2.3241e-02 , 2.9832e-02 ]}
>>> POTENTIAL NonBondNO
{'Knots' : [1.5954e+01 , 1.4636e+01 , 1.3318e+01 , 1.2000e+01 , 1.0682e+01 , 9.3641e+00 , 8.0461e+00 , 6.7281e+00 , 5.4101e+00 , 4.0921e+00 , 2.7740e+00 , 1.4560e+00 , 1.3802e-01 , 1.4874e-01 , 2.5782e-01 , 9.0282e-01 , 1.1040e+00 , 1.3005e+00 , 1.2386e+00 , 1.1021e+00 , 9.1696e-01 , 8.8566e-01 , 7.3705e-01 , 4.9154e-01 , 5.8636e-01 , 5.5613e-01 , 5.4717e-01 , 3.6130e-01 , 2.1818e-01 , 1.6871e-01 , 9.5467e-02 , 2.3705e-02 , -3.6959e-04, -8.0841e-02, -1.2360e-02, -4.4715e-02, -9.0441e-02, -1.0668e-01, -6.9050e-02, -8.7743e-02]}
>>> POTENTIAL NonBondCO
{'Knots' : [1.5954e+01 , 1.4815e+01 , 1.3676e+01 , 1.2537e+01 , 1.1397e+01 , 1.0258e+01 , 9.1191e+00 , 7.9799e+00 , 6.8407e+00 , 5.7016e+00 , 4.5624e+00 , 3.4232e+00 , 2.2840e+00 , 1.1449e+00 , 5.6764e-03 , -1.1335e+00, -2.5156e+00, -2.9793e+00, -2.7470e+00, -2.8107e+00, -2.7769e+00, -2.1162e+00, -1.9181e+00, -1.7655e+00, -1.5595e+00, -1.4266e+00, -1.3539e+00, -1.1955e+00, -1.0025e+00, -8.3183e-01, -7.0245e-01, -6.7922e-01, -5.5705e-01, -4.5352e-01, -2.8800e-01, -1.7368e-01, -1.6494e-01, -1.6183e-01, -7.7745e-02, -1.3664e-02]}
>>> POTENTIAL BondCS
{'Dist0' : 2.6479e+00 , 'FConst' : 5.7145e+01 }
>>> POTENTIAL AngleNCS
{'Knots' : [6.7083e+01 , 6.3870e+01 , 6.0657e+01 , 5.7444e+01 , 5.4231e+01 , 5.1018e+01 , 4.7805e+01 , 4.4592e+01 , 4.1379e+01 , 3.8166e+01 , 3.4953e+01 , 3.1740e+01 , 2.8528e+01 , 2.5315e+01 , 2.2102e+01 , 1.8889e+01 , 1.5676e+01 , 1.2463e+01 , 9.2501e+00 , 6.0371e+00 , 2.8242e+00 , 2.8152e+00 , 2.0093e+00 , 2.3392e+00 , 2.6375e+00 , 3.2764e+00 , 3.5702e+00 , 2.3087e+00 , 7.0535e-01 , 0.0000e+00 , -8.3415e-02, 9.9757e-01 , 8.5253e-01 , 4.0655e+00 , 7.2784e+00 , 1.0491e+01 , 1.3704e+01 , 1.6917e+01 , 2.0130e+01 , 2.3343e+01 ]}
>>> POTENTIAL AngleSCO
{'Knots' : [6.2276e+01 , 5.9064e+01 , 5.5851e+01 , 5.2638e+01 , 4.9425e+01 , 4.6212e+01 , 4.2999e+01 , 3.9786e+01 , 3.6573e+01 , 3.3360e+01 , 3.0147e+01 , 2.6934e+01 , 2.3721e+01 , 2.0509e+01 , 1.7296e+01 , 1.4083e+01 , 1.0870e+01 , 7.6568e+00 , 4.4439e+00 , 1.2310e+00 , 7.6488e-01 , 0.0000e+00 , 4.5999e-02 , 1.7335e-01 , 4.5441e-01 , 7.7562e-01 , 4.8241e-01 , -4.4440e-01, -6.8257e-01, -1.5701e+00, -5.1728e-01, -2.5834e+00, 6.2949e-01 , 3.8424e+00 , 7.0553e+00 , 1.0268e+01 , 1.3481e+01 , 1.6694e+01 , 1.9907e+01 , 2.3120e+01 ]}
>>> POTENTIAL TorsionONCS
{'Knots' : [1.9048e-01 , -2.5456e-01, 1.5172e+00 , 1.6418e+00 , 1.7663e+00 , 1.8909e+00 , 2.0154e+00 , 2.1400e+00 , 2.2645e+00 , 2.3891e+00 , 2.5136e+00 , 2.6382e+00 , 2.7627e+00 , 2.8873e+00 , 3.0119e+00 , 3.1364e+00 , 3.2610e+00 , 3.3855e+00 , 3.5101e+00 , 3.6346e+00 , 3.7592e+00 , 3.8837e+00 , 4.0083e+00 , 4.1329e+00 , 4.2574e+00 , 4.3820e+00 , 4.5065e+00 , 4.6311e+00 , 1.0631e+00 , 2.2899e+00 , 1.3799e+00 , 1.8139e+00 , 1.4071e+00 , 1.3682e+00 , 9.1270e-01 , 5.5760e-01 , 2.7175e-01 , 7.6503e-02 , 0.0000e+00 , -2.1738e-01]}
>>> POTENTIAL TorsionSCON
{'Knots' : [1.1742e+00 , 9.5338e-01 , 7.3255e-01 , 5.1171e-01 , 2.9088e-01 , 7.0045e-02 , -1.5079e-01, -2.9092e-01, -1.3400e-01, 3.9476e-02 , -1.0588e-01, 5.6669e-01 , 9.6234e-02 , 2.1196e+00 , 2.0900e+00 , 2.0603e+00 , 2.0307e+00 , 2.0011e+00 , 1.9715e+00 , 1.9419e+00 , 1.9123e+00 , 1.8827e+00 , 1.8531e+00 , 1.8235e+00 , 1.7939e+00 , 1.7643e+00 , 1.7347e+00 , 1.7051e+00 , 1.6755e+00 , 1.4987e-01 , 2.3258e-01 , 0.0000e+00 , 9.6738e-02 , 4.6938e-01 , 7.7546e-01 , 2.2784e+00 , 2.0575e+00 , 1.8367e+00 , 1.6159e+00 , 1.3950e+00 ]}
>>> POTENTIAL NonBondNS
{'Knots' : [1.5954e+01 , 1.5130e+01 , 1.4306e+01 , 1.3481e+01 , 1.2657e+01 , 1.1833e+01 , 1.1008e+01 , 1.0184e+01 , 9.3597e+00 , 8.5354e+00 , 7.7110e+00 , 6.8867e+00 , 6.0624e+00 , 5.2381e+00 , 4.4138e+00 , 3.5895e+00 , 2.7652e+00 , 1.9409e+00 , 1.1165e+00 , 2.9223e-01 , -5.3208e-01, 4.9168e-01 , 3.8968e-03 , 1.4753e-01 , -1.2014e-02, 1.3381e-01 , -1.6652e-02, 1.7801e-02 , 3.2635e-02 , -2.8487e-02, 5.6731e-02 , 6.3836e-02 , 4.8560e-02 , 4.4076e-02 , 5.4275e-02 , 4.2921e-02 , 2.8881e-02 , 3.6481e-02 , -4.6940e-02, 5.1486e-02 ]}
>>> POTENTIAL NonBondCS
{'Knots' : [1.5954e+01 , 1.5072e+01 , 1.4190e+01 , 1.3308e+01 , 1.2426e+01 , 1.1543e+01 , 1.0661e+01 , 9.7792e+00 , 8.8970e+00 , 8.0149e+00 , 7.1327e+00 , 6.2506e+00 , 5.3684e+00 , 4.4863e+00 , 3.6042e+00 , 2.7220e+00 , 1.8399e+00 , 9.5773e-01 , 7.5584e-02 , -6.9203e-01, -7.8496e-01, -7.5808e-01, -4.5196e-01, -5.5673e-01, -4.6504e-01, -7.5839e-01, -2.9832e-01, -4.4011e-01, -3.7607e-01, -3.6783e-01, -3.0659e-01, -2.0862e-01, -1.1819e-01, -1.3718e-01, -1.4954e-01, -1.9602e-01, -2.0293e-01, -1.5179e-01, -4.0515e-02, -9.5946e-02]}
>>> POTENTIAL NonBondOS
{'Knots' : [1.5954e+01 , 1.5020e+01 , 1.4086e+01 , 1.3152e+01 , 1.2217e+01 , 1.1283e+01 , 1.0349e+01 , 9.4150e+00 , 8.4808e+00 , 7.5466e+00 , 6.6125e+00 , 5.6783e+00 , 4.7441e+00 , 3.8100e+00 , 2.8758e+00 , 1.9416e+00 , 1.0074e+00 , 7.3273e-02 , 6.9561e-01 , 1.7906e-02 , -1.7831e-01, -1.3881e-01, 9.3222e-02 , 1.9977e-01 , 3.4365e-01 , 2.9888e-01 , 2.5337e-01 , 3.0078e-01 , 3.9255e-01 , 1.0239e-01 , 1.5399e-01 , 1.6119e-01 , 1.5083e-01 , 1.6803e-01 , 4.6641e-02 , 7.9285e-02 , 4.2735e-02 , 2.5709e-02 , 9.7989e-03 , 4.8352e-05 ]}
>>> POTENTIAL NonBondSS
{'Knots' : [1.5954e+01 , 1.4288e+01 , 1.2622e+01 , 1.0955e+01 , 9.2888e+00 , 7.6225e+00 , 5.9562e+00 , 4.2898e+00 , 2.6235e+00 , 9.5715e-01 , -7.0919e-01, -6.5373e-01, -6.6597e-01, -2.9444e-01, -1.3922e-01, -1.0204e-01, -1.1046e-02, 7.9957e-03 , 2.1593e-01 , -1.1383e-01]}
