>>> POTENTIAL BondNC
{'Dist0' : 1.4700e+00 ,
 'FConst' : 3.3979e+02 }
>>> POTENTIAL BondCO
{'Dist0' : 1.9248e+00 ,
 'FConst' : 2.1841e+02 }
>>> POTENTIAL BondON
{'Dist0' : 1.7460e+00 ,
 'FConst' : 3.1195e+02 }
>>> POTENTIAL AngleNCO
{'Knots' : [6.5464e+01 , 6.2251e+01 , 5.9038e+01 , 5.5825e+01 , 5.2613e+01 , 4.9400e+01 , 4.6187e+01 , 4.2974e+01 , 3.9761e+01 , 3.6548e+01 , 3.3335e+01 , 3.0122e+01 , 2.6909e+01 , 2.3696e+01 , 2.0483e+01 , 1.7270e+01 , 1.4058e+01 , 1.0845e+01 , 7.6317e+00 , 4.4187e+00 , 1.2058e+00 , 4.9605e-01 , 2.9019e-01 , 5.9428e-01 , 1.2306e+00 , 4.7929e-01 , 0.0000e+00 , 3.5462e-02 , 5.2732e-01 , 1.1918e+00 , 4.4047e+00 , 7.6176e+00 , 1.0831e+01 , 1.4043e+01 , 1.7256e+01 , 2.0469e+01 , 2.3682e+01 , 2.6895e+01 , 3.0108e+01 , 3.3321e+01 ]}
>>> POTENTIAL AngleCON
{'Knots' : [5.6391e+01 , 5.3178e+01 , 4.9965e+01 , 4.6752e+01 , 4.3539e+01 , 4.0326e+01 , 3.7113e+01 , 3.3901e+01 , 3.0688e+01 , 2.7475e+01 , 2.4262e+01 , 2.1049e+01 , 1.7836e+01 , 1.4623e+01 , 1.1410e+01 , 8.1972e+00 , 4.9843e+00 , 1.7714e+00 , 0.0000e+00 , 1.0585e+00 , 4.7300e+00 , 7.9430e+00 , 1.1156e+01 , 1.4369e+01 , 1.7582e+01 , 2.0795e+01 , 2.4008e+01 , 2.7220e+01 , 3.0433e+01 , 3.3646e+01 , 3.6859e+01 , 4.0072e+01 , 4.3285e+01 , 4.6498e+01 , 4.9711e+01 , 5.2924e+01 , 5.6137e+01 , 5.9350e+01 , 6.2563e+01 , 6.5775e+01 ]}
>>> POTENTIAL AngleONC
{'Knots' : [7.2033e+01 , 6.8820e+01 , 6.5607e+01 , 6.2394e+01 , 5.9181e+01 , 5.5968e+01 , 5.2755e+01 , 4.9542e+01 , 4.6330e+01 , 4.3117e+01 , 3.9904e+01 , 3.6691e+01 , 3.3478e+01 , 3.0265e+01 , 2.7052e+01 , 2.3839e+01 , 2.0626e+01 , 1.7413e+01 , 1.4200e+01 , 1.0987e+01 , 7.7745e+00 , 4.5616e+00 , 1.3486e+00 , 0.0000e+00 , 1.0493e-01 , 6.2664e-01 , 3.8396e+00 , 7.0525e+00 , 1.0265e+01 , 1.3478e+01 , 1.6691e+01 , 1.9904e+01 , 2.3117e+01 , 2.6330e+01 , 2.9543e+01 , 3.2756e+01 , 3.5969e+01 , 3.9182e+01 , 4.2395e+01 , 4.5607e+01 ]}
>>> POTENTIAL TorsionNCON
{'Knots' : [6.6018e-01 , 8.6848e-01 , 1.0768e+00 , 1.2851e+00 , 1.4934e+00 , 1.7017e+00 , 1.9100e+00 , 2.1183e+00 , 2.3266e+00 , 2.5349e+00 , 2.7432e+00 , 5.8821e-01 , 5.8969e-01 , 7.1104e-02 , 0.0000e+00 , -2.4632e-01, -3.4477e-01, -5.6191e-01, -2.8424e-01, -6.5777e-03, 2.7109e-01 , 5.4875e-01 , 8.2642e-01 , 1.1041e+00 , 1.3817e+00 , 1.6594e+00 , 1.9371e+00 , 2.2147e+00 , 2.4924e+00 , 2.7701e+00 , 3.0477e+00 , 3.3254e+00 , 1.9623e+00 , 1.8652e+00 , 1.0979e+00 , 8.1644e-01 , 2.4037e-01 , 6.5472e-02 , -2.9813e-01, 4.5188e-01 ]}
>>> POTENTIAL TorsionCONC
{'Knots' : [1.6042e-01 , 7.2916e-01 , 1.2868e+00 , 4.3106e+00 , 4.2416e+00 , 4.1726e+00 , 4.1036e+00 , 4.0346e+00 , 3.9656e+00 , 3.8966e+00 , 3.8276e+00 , 3.7586e+00 , 3.6896e+00 , 3.6206e+00 , 3.5516e+00 , 3.4826e+00 , 3.4136e+00 , 3.3446e+00 , 3.2756e+00 , 3.2066e+00 , 3.1376e+00 , 3.0685e+00 , 2.9995e+00 , 2.9305e+00 , 2.8615e+00 , 2.7925e+00 , 2.7235e+00 , 2.6545e+00 , 2.5855e+00 , 2.5165e+00 , 2.4475e+00 , 2.3785e+00 , 2.3095e+00 , 2.2405e+00 , 2.1715e+00 , 2.1025e+00 , 2.0335e+00 , 1.9645e+00 , 1.8955e+00 , 0.0000e+00 ]}
>>> POTENTIAL TorsionONCO
{'Knots' : [-1.6670e+00, -1.8831e+00, -4.2151e+00, -3.0603e+00, -3.2364e+00, -2.7952e+00, -2.3104e+00, -1.9734e+00, -1.4791e+00, -1.4227e+00, -9.3704e-01, -1.1047e+00, -5.7024e-01, -3.4142e-01, -1.0989e-01, 0.0000e+00 , 5.8572e-01 , 8.2834e-01 , 3.0885e+00 , 2.8724e+00 , 2.6562e+00 , 2.4401e+00 , 2.2239e+00 , 2.0077e+00 , 1.7916e+00 , 1.5754e+00 , 1.3593e+00 , 1.1431e+00 , 9.2695e-01 , 7.1080e-01 , 4.9464e-01 , 2.7848e-01 , 6.2319e-02 , -1.5384e-01, -3.7000e-01, -5.8616e-01, -8.0232e-01, -1.0185e+00, -1.2346e+00, -1.4508e+00]}
>>> POTENTIAL NonBondNN
{'Knots' : [1.5954e+01 , 1.5026e+01 , 1.4098e+01 , 1.3169e+01 , 1.2241e+01 , 1.1313e+01 , 1.0385e+01 , 9.4566e+00 , 8.5284e+00 , 7.6001e+00 , 6.6719e+00 , 5.7437e+00 , 4.8155e+00 , 3.8872e+00 , 2.9590e+00 , 2.0308e+00 , 1.1026e+00 , 1.3134e+00 , 5.1861e-01 , 8.3925e-02 , -6.8088e-02, -2.3510e-01, -2.3927e-01, -3.8107e-01, -4.9121e-01, -4.4418e-01, -4.7310e-01, -3.9829e-01, -4.9990e-01, -1.5180e-01, -2.6813e-01, -9.3381e-02, -1.9180e-01, -1.7986e-01, -1.9894e-01, -1.3389e-01, -1.5073e-01, 4.5509e-03 , -1.4426e-02, 5.3646e-02 ]}
>>> POTENTIAL NonBondCC
{'Knots' : [1.5954e+01 , 1.5296e+01 , 1.4638e+01 , 1.3980e+01 , 1.3322e+01 , 1.2664e+01 , 1.2006e+01 , 1.1348e+01 , 1.0690e+01 , 1.0032e+01 , 9.3742e+00 , 8.7162e+00 , 8.0582e+00 , 7.4002e+00 , 6.7422e+00 , 6.0842e+00 , 5.4262e+00 , 4.7682e+00 , 4.1103e+00 , 3.4523e+00 , 3.4662e+00 , 3.2158e+00 , 3.0237e+00 , 2.7806e+00 , 2.3549e+00 , 2.0101e+00 , 1.7773e+00 , 1.3760e+00 , 1.0532e+00 , 8.3136e-01 , 8.9134e-01 , 5.8417e-01 , 6.6189e-01 , 6.5429e-01 , 3.8737e-01 , 2.1725e-01 , 1.4804e-01 , 1.9079e-01 , 1.5660e-01 , 2.0297e-01 ]}
>>> POTENTIAL NonBondOO
{'Knots' : [1.5954e+01 , 1.5029e+01 , 1.4105e+01 , 1.3180e+01 , 1.2255e+01 , 1.1331e+01 , 1.0406e+01 , 9.4812e+00 , 8.5565e+00 , 7.6317e+00 , 6.7070e+00 , 5.7823e+00 , 4.8576e+00 , 3.9329e+00 , 3.0082e+00 , 2.0834e+00 , 1.1587e+00 , 2.3401e-01 , 7.7377e-01 , 3.6452e-01 , 4.1920e-01 , 4.7012e-01 , 5.6934e-01 , 6.1496e-01 , 2.5930e-01 , 2.7258e-01 , 4.0691e-01 , 2.6395e-01 , 1.0663e-01 , 2.1128e-02 , 1.3877e-01 , 2.0939e-01 , 9.5533e-02 , 1.2724e-02 , 1.6559e-01 , 5.5320e-02 , 1.0141e-01 , 9.1391e-02 , -8.4129e-02, 4.6530e-02 ]}
>>> POTENTIAL NonBondNC
{'Knots' : [1.5954e+01 , 1.5003e+01 , 1.4051e+01 , 1.3100e+01 , 1.2148e+01 , 1.1197e+01 , 1.0245e+01 , 9.2936e+00 , 8.3421e+00 , 7.3906e+00 , 6.4391e+00 , 5.4876e+00 , 4.5361e+00 , 3.5845e+00 , 2.6330e+00 , 1.6815e+00 , 7.3002e-01 , -2.0508e+00, -2.0281e+00, -1.9300e+00, -1.7174e+00, -1.4779e+00, -1.2609e+00, -1.0219e+00, -8.0940e-01, -5.4947e-01, -3.3475e-01, -4.1997e-02, 1.6859e-02 , -1.0963e-01, 1.3127e-01 , 1.7079e-01 , 2.2186e-01 , 1.0977e-01 , 5.9352e-02 , 9.5591e-02 , 9.3035e-02 , 4.6824e-02 , -3.6574e-02, 1.9964e-02 ]}
>>> POTENTIAL NonBondNO
{'Knots' : [1.5954e+01 , 1.4722e+01 , 1.3490e+01 , 1.2258e+01 , 1.1026e+01 , 9.7942e+00 , 8.5622e+00 , 7.3302e+00 , 6.0982e+00 , 4.8663e+00 , 3.6343e+00 , 2.4023e+00 , 1.1703e+00 , 1.1564e+00 , 1.1879e+00 , 1.8451e+00 , 2.0359e+00 , 2.1097e+00 , 2.0739e+00 , 1.8958e+00 , 1.6754e+00 , 1.5880e+00 , 1.4465e+00 , 1.0612e+00 , 1.2050e+00 , 1.0372e+00 , 1.0771e+00 , 8.3942e-01 , 6.3091e-01 , 5.4089e-01 , 4.1001e-01 , 3.0075e-01 , 2.6623e-01 , 2.0869e-01 , 1.8526e-01 , 1.0409e-01 , 4.8557e-02 , 2.7533e-02 , -9.2587e-03, 2.4467e-02 ]}
>>> POTENTIAL NonBondCO
{'Knots' : [1.5954e+01 , 1.4807e+01 , 1.3660e+01 , 1.2512e+01 , 1.1365e+01 , 1.0218e+01 , 9.0706e+00 , 7.9234e+00 , 6.7761e+00 , 5.6289e+00 , 4.4816e+00 , 3.3344e+00 , 2.1871e+00 , 1.0398e+00 , -1.0742e-01, -1.2547e+00, -2.7378e+00, -3.2269e+00, -2.9456e+00, -3.0028e+00, -2.9648e+00, -2.3072e+00, -2.0550e+00, -1.9040e+00, -1.6823e+00, -1.4894e+00, -1.4016e+00, -1.1964e+00, -9.8151e-01, -8.8012e-01, -7.3144e-01, -6.7975e-01, -5.8731e-01, -4.8995e-01, -3.5577e-01, -2.0887e-01, -2.1377e-01, -2.4903e-01, -1.1178e-01, -5.6970e-02]}
>>> POTENTIAL BondCS
{'Dist0' : 2.6479e+00 ,
 'FConst' : 5.7145e+01 }
>>> POTENTIAL AngleNCS
{'Knots' : [6.7261e+01 , 6.4048e+01 , 6.0835e+01 , 5.7622e+01 , 5.4409e+01 , 5.1196e+01 , 4.7983e+01 , 4.4770e+01 , 4.1557e+01 , 3.8345e+01 , 3.5132e+01 , 3.1919e+01 , 2.8706e+01 , 2.5493e+01 , 2.2280e+01 , 1.9067e+01 , 1.5854e+01 , 1.2641e+01 , 9.4283e+00 , 6.2154e+00 , 3.0024e+00 , 2.8594e+00 , 2.2111e+00 , 2.3632e+00 , 2.7241e+00 , 3.4884e+00 , 3.5579e+00 , 2.3389e+00 , 8.0070e-01 , 0.0000e+00 , -2.3469e-02, 1.0006e+00 , 9.2583e-01 , 4.1387e+00 , 7.3517e+00 , 1.0565e+01 , 1.3778e+01 , 1.6990e+01 , 2.0203e+01 , 2.3416e+01 ]}
>>> POTENTIAL AngleSCO
{'Knots' : [6.2352e+01 , 5.9139e+01 , 5.5926e+01 , 5.2713e+01 , 4.9500e+01 , 4.6287e+01 , 4.3075e+01 , 3.9862e+01 , 3.6649e+01 , 3.3436e+01 , 3.0223e+01 , 2.7010e+01 , 2.3797e+01 , 2.0584e+01 , 1.7371e+01 , 1.4158e+01 , 1.0945e+01 , 7.7324e+00 , 4.5195e+00 , 1.3066e+00 , 9.0230e-01 , 0.0000e+00 , 1.5091e-01 , 1.5218e-01 , 5.4746e-01 , 7.6452e-01 , 5.3161e-01 , -4.7020e-01, -7.4728e-01, -1.5036e+00, -4.9153e-01, -2.5701e+00, 6.4281e-01 , 3.8557e+00 , 7.0686e+00 , 1.0282e+01 , 1.3494e+01 , 1.6707e+01 , 1.9920e+01 , 2.3133e+01 ]}
>>> POTENTIAL TorsionONCS
{'Knots' : [1.4659e-01 , -2.3434e-01, 1.4582e+00 , 1.5919e+00 , 1.7257e+00 , 1.8594e+00 , 1.9931e+00 , 2.1269e+00 , 2.2606e+00 , 2.3943e+00 , 2.5280e+00 , 2.6618e+00 , 2.7955e+00 , 2.9292e+00 , 3.0630e+00 , 3.1967e+00 , 3.3304e+00 , 3.4642e+00 , 3.5979e+00 , 3.7316e+00 , 3.8654e+00 , 3.9991e+00 , 4.1328e+00 , 4.2665e+00 , 4.4003e+00 , 4.5340e+00 , 4.6677e+00 , 4.8015e+00 , 1.2214e+00 , 2.3361e+00 , 1.5115e+00 , 1.9789e+00 , 1.4330e+00 , 1.3844e+00 , 9.7036e-01 , 6.5335e-01 , 2.8650e-01 , 1.0988e-01 , 0.0000e+00 , -1.3629e-01]}
>>> POTENTIAL TorsionSCON
{'Knots' : [1.1550e+00 , 9.2922e-01 , 7.0347e-01 , 4.7772e-01 , 2.5197e-01 , 2.6220e-02 , -1.9953e-01, -1.9765e-01, -2.2747e-01, 1.9133e-01 , -1.1153e-01, 6.8435e-01 , 1.1412e-01 , 2.2980e+00 , 2.2605e+00 , 2.2229e+00 , 2.1854e+00 , 2.1479e+00 , 2.1103e+00 , 2.0728e+00 , 2.0353e+00 , 1.9977e+00 , 1.9602e+00 , 1.9227e+00 , 1.8851e+00 , 1.8476e+00 , 1.8101e+00 , 1.7725e+00 , 1.7350e+00 , 2.6338e-01 , 2.7718e-01 , 0.0000e+00 , 1.4111e-01 , 4.7156e-01 , 8.0196e-01 , 2.2837e+00 , 2.0580e+00 , 1.8322e+00 , 1.6065e+00 , 1.3807e+00 ]}
>>> POTENTIAL NonBondNS
{'Knots' : [1.5954e+01 , 1.5123e+01 , 1.4292e+01 , 1.3461e+01 , 1.2629e+01 , 1.1798e+01 , 1.0967e+01 , 1.0136e+01 , 9.3045e+00 , 8.4732e+00 , 7.6420e+00 , 6.8108e+00 , 5.9796e+00 , 5.1484e+00 , 4.3172e+00 , 3.4860e+00 , 2.6547e+00 , 1.8235e+00 , 9.9230e-01 , 1.6109e-01 , -6.7013e-01, 3.5646e-01 , -8.2445e-02, -2.2422e-03, -6.1685e-02, 1.3405e-02 , -6.7457e-02, -5.0879e-02, 3.5509e-04 , -8.8499e-02, 1.9302e-02 , 1.1565e-03 , 2.0671e-02 , -1.3030e-02, 5.8146e-03 , -1.4025e-02, -1.1284e-02, -3.1168e-02, -1.5864e-02, 1.3230e-02 ]}
>>> POTENTIAL NonBondCS
{'Knots' : [1.5954e+01 , 1.5067e+01 , 1.4180e+01 , 1.3293e+01 , 1.2406e+01 , 1.1519e+01 , 1.0632e+01 , 9.7446e+00 , 8.8575e+00 , 7.9705e+00 , 7.0834e+00 , 6.1963e+00 , 5.3092e+00 , 4.4221e+00 , 3.5351e+00 , 2.6480e+00 , 1.7609e+00 , 8.7383e-01 , -1.3254e-02, -7.2392e-01, -8.4367e-01, -7.6225e-01, -4.6955e-01, -6.0730e-01, -4.3510e-01, -7.7640e-01, -2.7694e-01, -4.6243e-01, -3.3501e-01, -3.8085e-01, -3.1063e-01, -2.1147e-01, -1.6855e-01, -1.5745e-01, -1.4671e-01, -2.2439e-01, -1.6783e-01, -1.6970e-01, -2.9877e-02, -1.3559e-01]}
>>> POTENTIAL NonBondOS
{'Knots' : [1.5954e+01 , 1.5039e+01 , 1.4123e+01 , 1.3208e+01 , 1.2292e+01 , 1.1377e+01 , 1.0462e+01 , 9.5461e+00 , 8.6306e+00 , 7.7152e+00 , 6.7997e+00 , 5.8843e+00 , 4.9688e+00 , 4.0534e+00 , 3.1380e+00 , 2.2225e+00 , 1.3071e+00 , 3.9163e-01 , 7.6135e-01 , 2.5995e-01 , -1.5024e-02, 3.8256e-02 , 2.0386e-01 , 3.3324e-01 , 4.9718e-01 , 4.0323e-01 , 3.4644e-01 , 4.1562e-01 , 4.9197e-01 , 1.7265e-01 , 2.0984e-01 , 2.2357e-01 , 2.2891e-01 , 2.6022e-01 , 1.4022e-01 , 1.4115e-01 , 6.9177e-02 , 1.1446e-01 , 4.2520e-02 , 7.4727e-02 ]}
>>> POTENTIAL NonBondSS
{'Knots' : [1.5954e+01 , 1.5119e+01 , 1.4283e+01 , 1.3447e+01 , 1.2612e+01 , 1.1776e+01 , 1.0940e+01 , 1.0105e+01 , 9.2692e+00 , 8.4335e+00 , 7.5979e+00 , 6.7623e+00 , 5.9267e+00 , 5.0910e+00 , 4.2554e+00 , 3.4198e+00 , 2.5842e+00 , 1.7485e+00 , 9.1290e-01 , 7.7270e-02 , -5.5806e-01, -7.0150e-01, -7.6129e-01, -6.8497e-01, -6.3791e-01, -5.0744e-01, -3.5055e-01, -2.5810e-01, -1.8883e-01, -1.3820e-01, -1.6398e-01, -3.0409e-02, -5.3128e-02, -4.6710e-02, -7.1355e-03, 1.3708e-01 , 1.6113e-01 , -4.7054e-02, -3.3750e-02, -1.6189e-01]}
