>>> POTENTIAL BondNC
{'Dist0' : 1.4700e+00 ,
 'FConst' : 3.3979e+02 }
>>> POTENTIAL BondCO
{'Dist0' : 1.9248e+00 ,
 'FConst' : 2.1841e+02 }
>>> POTENTIAL BondON
{'Dist0' : 1.7460e+00 ,
 'FConst' : 3.1195e+02 }
>>> POTENTIAL AngleNCO
{'Knots' : [6.5248e+01 , 6.2035e+01 , 5.8822e+01 , 5.5609e+01 , 5.2396e+01 , 4.9183e+01 , 4.5970e+01 , 4.2757e+01 , 3.9545e+01 , 3.6332e+01 , 3.3119e+01 , 2.9906e+01 , 2.6693e+01 , 2.3480e+01 , 2.0267e+01 , 1.7054e+01 , 1.3841e+01 , 1.0628e+01 , 7.4154e+00 , 4.2024e+00 , 9.8952e-01 , 5.3620e-01 , 1.5415e-01 , 5.3018e-01 , 1.1325e+00 , 4.3246e-01 , 0.0000e+00 , -3.0818e-02, 5.1295e-01 , 1.0889e+00 , 4.3018e+00 , 7.5147e+00 , 1.0728e+01 , 1.3941e+01 , 1.7153e+01 , 2.0366e+01 , 2.3579e+01 , 2.6792e+01 , 3.0005e+01 , 3.3218e+01 ]}
>>> POTENTIAL AngleCON
{'Knots' : [5.6373e+01 , 5.3160e+01 , 4.9947e+01 , 4.6734e+01 , 4.3521e+01 , 4.0308e+01 , 3.7095e+01 , 3.3882e+01 , 3.0669e+01 , 2.7457e+01 , 2.4244e+01 , 2.1031e+01 , 1.7818e+01 , 1.4605e+01 , 1.1392e+01 , 8.1790e+00 , 4.9661e+00 , 1.7532e+00 , 0.0000e+00 , 1.0757e+00 , 4.8490e+00 , 8.0619e+00 , 1.1275e+01 , 1.4488e+01 , 1.7701e+01 , 2.0914e+01 , 2.4126e+01 , 2.7339e+01 , 3.0552e+01 , 3.3765e+01 , 3.6978e+01 , 4.0191e+01 , 4.3404e+01 , 4.6617e+01 , 4.9830e+01 , 5.3043e+01 , 5.6256e+01 , 5.9469e+01 , 6.2682e+01 , 6.5894e+01 ]}
>>> POTENTIAL AngleONC
{'Knots' : [7.2007e+01 , 6.8794e+01 , 6.5581e+01 , 6.2368e+01 , 5.9155e+01 , 5.5942e+01 , 5.2729e+01 , 4.9516e+01 , 4.6303e+01 , 4.3090e+01 , 3.9877e+01 , 3.6665e+01 , 3.3452e+01 , 3.0239e+01 , 2.7026e+01 , 2.3813e+01 , 2.0600e+01 , 1.7387e+01 , 1.4174e+01 , 1.0961e+01 , 7.7482e+00 , 4.5353e+00 , 1.3224e+00 , 0.0000e+00 , 1.0791e-01 , 6.8644e-01 , 3.8994e+00 , 7.1123e+00 , 1.0325e+01 , 1.3538e+01 , 1.6751e+01 , 1.9964e+01 , 2.3177e+01 , 2.6390e+01 , 2.9603e+01 , 3.2816e+01 , 3.6029e+01 , 3.9241e+01 , 4.2454e+01 , 4.5667e+01 ]}
>>> POTENTIAL TorsionNCON
{'Knots' : [1.0048e+00 , 1.1818e+00 , 1.3588e+00 , 1.5357e+00 , 1.7127e+00 , 1.8897e+00 , 2.0667e+00 , 2.2437e+00 , 2.4207e+00 , 2.5977e+00 , 2.7747e+00 , 5.7139e-01 , 5.8230e-01 , 9.8178e-02 , 0.0000e+00 , -1.9115e-01, -3.7428e-01, -4.9846e-01, -2.1558e-01, 6.7298e-02 , 3.5018e-01 , 6.3306e-01 , 9.1594e-01 , 1.1988e+00 , 1.4817e+00 , 1.7646e+00 , 2.0475e+00 , 2.3303e+00 , 2.6132e+00 , 2.8961e+00 , 3.1790e+00 , 3.4619e+00 , 1.9559e+00 , 2.1401e+00 , 1.2367e+00 , 1.0939e+00 , 5.3139e-01 , 5.8261e-01 , -1.0089e-01, 8.2778e-01 ]}
>>> POTENTIAL TorsionCONC
{'Knots' : [1.9594e-01 , 7.2279e-01 , 1.3420e+00 , 4.5203e+00 , 4.4487e+00 , 4.3771e+00 , 4.3055e+00 , 4.2339e+00 , 4.1622e+00 , 4.0906e+00 , 4.0190e+00 , 3.9474e+00 , 3.8758e+00 , 3.8042e+00 , 3.7325e+00 , 3.6609e+00 , 3.5893e+00 , 3.5177e+00 , 3.4461e+00 , 3.3745e+00 , 3.3028e+00 , 3.2312e+00 , 3.1596e+00 , 3.0880e+00 , 3.0164e+00 , 2.9448e+00 , 2.8732e+00 , 2.8015e+00 , 2.7299e+00 , 2.6583e+00 , 2.5867e+00 , 2.5151e+00 , 2.4435e+00 , 2.3718e+00 , 2.3002e+00 , 2.2286e+00 , 2.1570e+00 , 2.0854e+00 , 2.0138e+00 , 0.0000e+00 ]}
>>> POTENTIAL TorsionONCO
{'Knots' : [-1.7365e+00, -1.9617e+00, -4.2569e+00, -3.2238e+00, -3.4950e+00, -2.8110e+00, -2.4941e+00, -2.0642e+00, -1.6483e+00, -1.4919e+00, -1.2533e+00, -1.0196e+00, -6.7318e-01, -3.6965e-01, -9.0011e-02, 0.0000e+00 , 7.7483e-01 , 9.4174e-01 , 3.2168e+00 , 2.9917e+00 , 2.7665e+00 , 2.5414e+00 , 2.3162e+00 , 2.0911e+00 , 1.8659e+00 , 1.6408e+00 , 1.4156e+00 , 1.1905e+00 , 9.6530e-01 , 7.4015e-01 , 5.1500e-01 , 2.8985e-01 , 6.4695e-02 , -1.6046e-01, -3.8561e-01, -6.1076e-01, -8.3591e-01, -1.0611e+00, -1.2862e+00, -1.5114e+00]}
>>> POTENTIAL NonBondNN
{'Knots' : [1.5954e+01 , 1.5014e+01 , 1.4075e+01 , 1.3135e+01 , 1.2195e+01 , 1.1255e+01 , 1.0316e+01 , 9.3758e+00 , 8.4361e+00 , 7.4963e+00 , 6.5565e+00 , 5.6168e+00 , 4.6770e+00 , 3.7373e+00 , 2.7975e+00 , 1.8577e+00 , 9.1796e-01 , 1.0910e+00 , 3.2505e-01 , -4.0194e-02, -1.0884e-01, -1.3488e-01, -2.3153e-02, -5.5648e-02, -1.4241e-01, -7.3590e-02, 6.1073e-03 , 2.8497e-02 , 7.7967e-02 , 1.7262e-01 , 2.9671e-01 , 2.9212e-01 , 2.0828e-01 , 6.5284e-02 , 1.2123e-01 , 7.5853e-02 , 5.3250e-02 , 9.7934e-02 , 1.5009e-02 , 5.8669e-02 ]}
>>> POTENTIAL NonBondCC
{'Knots' : [1.5954e+01 , 1.5121e+01 , 1.4288e+01 , 1.3455e+01 , 1.2622e+01 , 1.1789e+01 , 1.0956e+01 , 1.0123e+01 , 9.2895e+00 , 8.4565e+00 , 7.6234e+00 , 6.7903e+00 , 5.9572e+00 , 5.1241e+00 , 4.2911e+00 , 3.4580e+00 , 2.6249e+00 , 1.7918e+00 , 9.5874e-01 , 1.2566e-01 , 2.8955e-01 , 2.6978e-01 , 3.0307e-01 , 3.1551e-01 , 2.5911e-01 , 4.2270e-02 , 5.8122e-02 , -6.2408e-02, -2.1384e-01, -7.9097e-02, 3.5513e-02 , 5.5096e-02 , 1.2098e-01 , 2.1339e-01 , 8.9971e-02 , 3.3381e-02 , 4.6151e-02 , 1.2218e-01 , 1.4770e-01 , 1.6767e-01 ]}
>>> POTENTIAL NonBondOO
{'Knots' : [1.5954e+01 , 1.5032e+01 , 1.4110e+01 , 1.3187e+01 , 1.2265e+01 , 1.1343e+01 , 1.0421e+01 , 9.4985e+00 , 8.5763e+00 , 7.6541e+00 , 6.7318e+00 , 5.8096e+00 , 4.8874e+00 , 3.9652e+00 , 3.0429e+00 , 2.1207e+00 , 1.1985e+00 , 2.7622e-01 , 6.6401e-01 , 2.5175e-01 , 2.2064e-01 , 3.2225e-01 , 2.7239e-01 , 3.5365e-01 , 6.0913e-02 , 1.0251e-01 , 2.2160e-01 , 7.8573e-02 , -8.1434e-02, -2.0708e-02, 1.6786e-02 , 1.2756e-01 , 5.1772e-02 , 3.2407e-02 , 1.0463e-01 , 1.1202e-01 , 9.4077e-02 , 8.7158e-02 , 3.1513e-02 , -2.3759e-02]}
>>> POTENTIAL NonBondNC
{'Knots' : [1.5954e+01 , 1.5104e+01 , 1.4254e+01 , 1.3404e+01 , 1.2554e+01 , 1.1704e+01 , 1.0854e+01 , 1.0004e+01 , 9.1540e+00 , 8.3040e+00 , 7.4540e+00 , 6.6040e+00 , 5.7540e+00 , 4.9040e+00 , 4.0539e+00 , 3.2039e+00 , 2.3539e+00 , -5.0563e-01, -5.3746e-01, -6.1821e-01, -5.1699e-01, -4.0293e-01, -3.5495e-01, -2.5704e-01, -2.2547e-01, -1.3956e-01, -5.4040e-03, 1.1016e-01 , 7.7956e-02 , -6.1327e-02, 6.7755e-02 , 1.1258e-01 , 4.9443e-02 , -5.4905e-02, -4.9126e-02, 1.1520e-02 , 4.2823e-03 , -1.5525e-02, -1.2480e-02, -1.5149e-02]}
>>> POTENTIAL NonBondNO
{'Knots' : [1.5954e+01 , 1.4622e+01 , 1.3289e+01 , 1.1956e+01 , 1.0624e+01 , 9.2914e+00 , 7.9588e+00 , 6.6262e+00 , 5.2937e+00 , 3.9611e+00 , 2.6286e+00 , 1.2960e+00 , -3.6560e-02, -5.8030e-02, -1.2605e-02, 6.1706e-01 , 8.0025e-01 , 1.0015e+00 , 9.0898e-01 , 8.0784e-01 , 6.0877e-01 , 6.2991e-01 , 4.2498e-01 , 2.4878e-01 , 3.1348e-01 , 3.7320e-01 , 3.9051e-01 , 2.4034e-01 , 1.2411e-01 , 1.0049e-01 , 6.4017e-02 , 1.2691e-02 , -9.0200e-03, -1.2836e-02, 9.1944e-02 , -1.2077e-02, -1.9374e-02, -1.7528e-02, -3.9441e-02, 2.2451e-02 ]}
>>> POTENTIAL NonBondCO
{'Knots' : [1.5954e+01 , 1.4900e+01 , 1.3846e+01 , 1.2792e+01 , 1.1738e+01 , 1.0684e+01 , 9.6300e+00 , 8.5760e+00 , 7.5219e+00 , 6.4679e+00 , 5.4139e+00 , 4.3598e+00 , 3.3058e+00 , 2.2518e+00 , 1.1977e+00 , 1.4371e-01 , -1.2102e+00, -1.6235e+00, -1.3389e+00, -1.4114e+00, -1.3660e+00, -7.3818e-01, -6.4578e-01, -5.2380e-01, -4.1427e-01, -3.6075e-01, -3.2532e-01, -2.8708e-01, -1.5754e-01, -9.0268e-02, -7.0137e-02, -1.9763e-01, -1.6082e-01, -1.6281e-01, -7.9812e-02, -4.7290e-02, -7.0868e-02, -1.3361e-01, -3.2627e-02, 2.6080e-02 ]}
>>> POTENTIAL BondCS
{'Dist0' : 2.6479e+00 ,
 'FConst' : 5.7145e+01 }
>>> POTENTIAL AngleNCS
{'Knots' : [6.7145e+01 , 6.3933e+01 , 6.0720e+01 , 5.7507e+01 , 5.4294e+01 , 5.1081e+01 , 4.7868e+01 , 4.4655e+01 , 4.1442e+01 , 3.8229e+01 , 3.5016e+01 , 3.1803e+01 , 2.8590e+01 , 2.5377e+01 , 2.2165e+01 , 1.8952e+01 , 1.5739e+01 , 1.2526e+01 , 9.3129e+00 , 6.1000e+00 , 2.8871e+00 , 2.8153e+00 , 2.0620e+00 , 2.3681e+00 , 2.6181e+00 , 3.4044e+00 , 3.6342e+00 , 2.2956e+00 , 7.2317e-01 , 0.0000e+00 , -5.4560e-02, 1.0327e+00 , 9.1436e-01 , 4.1273e+00 , 7.3402e+00 , 1.0553e+01 , 1.3766e+01 , 1.6979e+01 , 2.0192e+01 , 2.3405e+01 ]}
>>> POTENTIAL AngleSCO
{'Knots' : [6.2434e+01 , 5.9221e+01 , 5.6009e+01 , 5.2796e+01 , 4.9583e+01 , 4.6370e+01 , 4.3157e+01 , 3.9944e+01 , 3.6731e+01 , 3.3518e+01 , 3.0305e+01 , 2.7092e+01 , 2.3879e+01 , 2.0666e+01 , 1.7453e+01 , 1.4241e+01 , 1.1028e+01 , 7.8147e+00 , 4.6018e+00 , 1.3889e+00 , 8.3454e-01 , 0.0000e+00 , 8.4582e-02 , 1.1655e-01 , 5.2931e-01 , 5.6614e-01 , 4.2223e-01 , -5.6821e-01, -8.1886e-01, -1.7615e+00, -7.1795e-01, -2.8835e+00, 3.2939e-01 , 3.5423e+00 , 6.7552e+00 , 9.9681e+00 , 1.3181e+01 , 1.6394e+01 , 1.9607e+01 , 2.2820e+01 ]}
>>> POTENTIAL TorsionONCS
{'Knots' : [1.0074e-01 , -2.0826e-01, 1.5125e+00 , 1.6599e+00 , 1.8073e+00 , 1.9547e+00 , 2.1021e+00 , 2.2495e+00 , 2.3969e+00 , 2.5443e+00 , 2.6917e+00 , 2.8391e+00 , 2.9865e+00 , 3.1339e+00 , 3.2813e+00 , 3.4287e+00 , 3.5761e+00 , 3.7235e+00 , 3.8709e+00 , 4.0183e+00 , 4.1657e+00 , 4.3131e+00 , 4.4605e+00 , 4.6079e+00 , 4.7553e+00 , 4.9027e+00 , 5.0501e+00 , 5.1975e+00 , 1.1964e+00 , 2.5501e+00 , 1.5380e+00 , 2.0189e+00 , 1.4644e+00 , 1.4814e+00 , 9.8198e-01 , 6.6842e-01 , 3.5782e-01 , 1.4093e-01 , 0.0000e+00 , -1.6821e-01]}
>>> POTENTIAL TorsionSCON
{'Knots' : [1.3150e+00 , 1.1183e+00 , 9.2160e-01 , 7.2492e-01 , 5.2824e-01 , 3.3157e-01 , 1.3489e-01 , -2.8040e-02, 2.0176e-03 , 1.8008e-01 , 1.1568e-01 , 7.4202e-01 , 3.9157e-01 , 2.5948e+00 , 2.5759e+00 , 2.5570e+00 , 2.5381e+00 , 2.5192e+00 , 2.5002e+00 , 2.4813e+00 , 2.4624e+00 , 2.4435e+00 , 2.4246e+00 , 2.4057e+00 , 2.3868e+00 , 2.3679e+00 , 2.3490e+00 , 2.3301e+00 , 2.3112e+00 , 3.5432e-01 , 2.8745e-01 , 0.0000e+00 , 1.0846e-01 , 5.4420e-01 , 8.0767e-01 , 2.2983e+00 , 2.1017e+00 , 1.9050e+00 , 1.7083e+00 , 1.5116e+00 ]}
>>> POTENTIAL NonBondBBS
{'Knots' : [1.5954e+01 , 1.5058e+01 , 1.4162e+01 , 1.3266e+01 , 1.2370e+01 , 1.1473e+01 , 1.0577e+01 , 9.6810e+00 , 8.7849e+00 , 7.8887e+00 , 6.9926e+00 , 6.0964e+00 , 5.2002e+00 , 4.3041e+00 , 3.4079e+00 , 2.5118e+00 , 1.6156e+00 , 7.1943e-01 , -1.7674e-01, 1.2635e-01 , -4.9087e-01, -2.5518e-01, -2.0527e-01, -1.1162e-01, -7.5093e-02, -1.8699e-02, -1.5711e-01, -1.3704e-02, 6.6985e-03 , -9.6510e-02, -2.5847e-02, -2.3146e-02, -7.2972e-03, 1.1584e-02 , -1.8549e-02, 5.0088e-03 , 9.1669e-03 , -3.5938e-02, -2.8781e-02, -1.6483e-02]}
>>> POTENTIAL NonBondNative
{'Knots' : [1.1998e+01 , 1.0921e+01 , 9.8435e+00 , 8.7662e+00 , 7.6888e+00 , 6.6115e+00 , 5.5341e+00 , 4.4568e+00 , 3.3795e+00 , 2.3021e+00 , 1.2248e+00 , 1.4742e-01 , -9.2993e-01, -2.0073e+00, -3.0846e+00, -3.5683e+00, -3.8524e+00, -4.1180e+00, -4.2270e+00, -4.1677e+00, -4.0974e+00, -3.8912e+00, -3.9325e+00, -3.9103e+00, -3.4667e+00, -2.8460e+00, -2.3502e+00, -2.5775e+00, -2.2437e+00, -1.7617e+00, -2.0583e+00, -2.0463e+00, -1.9578e+00, -1.8979e+00, -1.7129e+00, -1.3291e+00, -1.3146e+00, 2.6004e-01 , 9.3074e-01 , 2.8908e+00 ]}
>>> POTENTIAL NonBondNonNative
{'Epsilon' : 2.4763e+00 ,
 'Sigma' : 3.7845e+00 }
